    E-values      MCC  Subset_ID
1.000000e-12 0.963190          1
1.000000e-11 0.968944          1
1.000000e-10 0.974664          1
1.000000e-09 0.980351          1
1.000000e-08 0.988820          1
1.000000e-07 0.991626          1
1.000000e-06 0.991626          1
1.000000e-05 0.991626          1
1.000000e-04 0.994425          1
1.000000e-03 0.997217          1
1.000000e-02 0.991688          1
1.000000e-01 0.986251          1
1.000000e-12 0.974664          2
1.000000e-11 0.980351          2
1.000000e-10 0.991626          2
1.000000e-09 0.991626          2
1.000000e-08 0.991626          2
1.000000e-07 0.997217          2
1.000000e-06 0.997217          2
1.000000e-05 0.997217          2
1.000000e-04 0.997217          2
1.000000e-03 0.997217          2
1.000000e-02 0.994441          2
1.000000e-01 0.988958          2 

SUBSET 1:

------------------------------------------------------------------
Best MCC: 0.997216601255479
Best E-values Range: [0.001] 

Cofusion matrix:
[179, 1]
[0, 284563]

False negatives:  ['D3GGZ8']
False positives:  []
------------------------------------------------------------------

SUBSET 2:

------------------------------------------------------------------
Best MCC: 0.997216601255479
Best E-values Range: [1e-07, 1e-06, 1e-05, 0.0001, 0.001] 

Cofusion matrix:
[179, 1]
[0, 284563]

False negatives:  ['O62247']
False positives:  []
------------------------------------------------------------------

