 PDBe Fold v2.59. (src3) 14 Apr 2014 result file.

                   RESULT SUMMARY

   ##      Q-score      P-score     Z-score   RMSD    Nalgn Nsse Ngaps Seq-%     Nmd Nres-Q Nsse-Q Nres-T Nsse-T Query Target
    1           1       16.18       11.93     0.000    58    4    0           1    0     58      4     58      4    PDB 1bpi:A  PDB 1bpi:A
    2           1       2.743       4.746     0.000    58    4    0           1    0     58      4     58      4    PDB 1bpi:A  PDB 6yhy:A
    3           1       2.743       4.746     0.000    58    4    0           1    0     58      4     58      4    PDB 1bpi:A  PDB 6zoi:A
    4           1       2.532       4.563     0.000    58    4    0           1    0     58      4     58      4    PDB 1bpi:A  PDB 6yht:A
    5      0.9792       11.63       10.05     0.437    58    4    0           1    0     58      4     58      4    PDB 1bpi:A  PDB 3fp8:I
    6       0.976       11.55       10.02     0.471    58    4    0           1    0     58      4     58      4    PDB 1bpi:A  PDB 3fp6:I
    7      0.9756       11.48       9.984     0.474    58    4    0      0.9138    0     58      4     58      4    PDB 1bpi:A  PDB 5xx2:A
    8      0.9756       11.48       9.984     0.475    58    4    0      0.9138    0     58      4     58      4    PDB 1bpi:A  PDB 5xx2:B
    9      0.9713       12.12       10.27     0.326    57    4    0           1    0     58      4     57      4    PDB 1bpi:A  PDB 1f5r:I
   10      0.9666       10.91       9.726     0.558    58    4    0           1    0     58      4     58      4    PDB 1bpi:A  PDB 4pti:A
   11      0.9642       11.28       9.896     0.578    58    4    0      0.9828    0     58      4     58      4    PDB 1bpi:A  PDB 1bti:A
   12      0.9605       11.41       9.953     0.608    58    4    0           1    0     58      4     58      4    PDB 1bpi:A  PDB 1bzx:I
   13      0.9557       11.11       9.818     0.505    57    4    0      0.9123    0     58      4     57      4    PDB 1bpi:A  PDB 2zjx:B
   14      0.9548       10.96       9.748     0.514    57    4    0      0.9825    0     58      4     57      4    PDB 1bpi:A  PDB 6f1f:D
   15      0.9545       12.12       10.27     0.323    56    4    0           1    0     58      4     56      4    PDB 1bpi:A  PDB 1ykt:B
   16      0.9543       11.17       9.843     0.518    57    4    0      0.9649    0     58      4     57      4    PDB 1bpi:A  PDB 1aal:B
   17      0.9539          12       10.22     0.331    56    4    0           1    0     58      4     56      4    PDB 1bpi:A  PDB 3tgi:I
   18      0.9539       11.89       10.17     0.331    56    4    0           1    0     58      4     56      4    PDB 1bpi:A  PDB 1f7z:I
   19      0.9537       10.87       9.704     0.524    57    4    0      0.9825    0     58      4     57      4    PDB 1bpi:A  PDB 6f1f:E
   20      0.9534       10.49       9.526     0.663    58    4    0      0.9138    0     58      4     58      4    PDB 1bpi:A  PDB 5xx8:A
   21      0.9532       10.45       9.507     0.665    58    4    0      0.9138    0     58      4     58      4    PDB 1bpi:A  PDB 5xx6:A
   22       0.953       9.928       9.258     0.343    56    4    0           1    0     58      4     56      4    PDB 1bpi:A  PDB 3tgj:I
   23      0.9529       10.45       9.507     0.667    58    4    0      0.9138    0     58      4     58      4    PDB 1bpi:A  PDB 5xx7:A
   24      0.9528       11.71       10.09     0.350    57    4    0      0.9298    0     58      4     58      4    PDB 1bpi:A  PDB 1g6x:A
   25      0.9528       11.89       10.17     0.347    56    4    0           1    0     58      4     56      4    PDB 1bpi:A  PDB 3tgk:I
   26      0.9527        11.8       10.13     0.347    56    4    0           1    0     58      4     56      4    PDB 1bpi:A  PDB 1fy8:I
   27      0.9525        11.8       10.13     0.350    56    4    0      0.9821    0     58      4     56      4    PDB 1bpi:A  PDB 1bpt:A
   28      0.9525       11.01       9.771     0.535    57    4    0      0.9123    0     58      4     57      4    PDB 1bpi:A  PDB 2zvx:B
   29      0.9525       10.87       9.704     0.535    57    4    0      0.9825    0     58      4     57      4    PDB 1bpi:A  PDB 6f1f:B
   30      0.9517       10.34       9.454     0.676    58    4    0      0.9138    0     58      4     58      4    PDB 1bpi:A  PDB 5xx5:A
   31      0.9509       10.69       9.622     0.681    58    4    0      0.6897    0     58      4     58      4    PDB 1bpi:A  PDB 5jb4:A
   32      0.9507       11.89       10.17     0.378    57    4    0      0.9474    0     58      4     58      4    PDB 1bpi:A  PDB 1ejm:D
   33      0.9506       11.63       10.05     0.380    57    4    0           1    0     58      4     58      4    PDB 1bpi:A  PDB 1d0d:B
   34      0.9505       11.89       10.17     0.381    57    4    0      0.9298    0     58      4     58      4    PDB 1bpi:A  PDB 1qlq:A
   35      0.9504        11.8       10.13     0.382    57    4    0      0.9474    0     58      4     58      4    PDB 1bpi:A  PDB 1ejm:B
   36      0.9499       11.41       9.953     0.689    58    4    0      0.9828    0     58      4     58      4    PDB 1bpi:A  PDB 1fan:A
   37      0.9497       11.48       9.984     0.388    56    4    0      0.8929    0     58      4     56      4    PDB 1bpi:A  PDB 1yld:B
   38      0.9496       10.69       9.622     0.691    58    4    0      0.6552    0     58      4     58      4    PDB 1bpi:A  PDB 5jb6:A
   39      0.9494       11.71       10.09     0.394    57    4    0      0.9474    0     58      4     58      4    PDB 1bpi:A  PDB 1ejm:F
   40      0.9491       10.65       9.602     0.565    57    4    0      0.9825    0     58      4     57      4    PDB 1bpi:A  PDB 6f1f:A
   41       0.948       10.73       9.642     0.575    57    4    0      0.7368    0     58      4     57      4    PDB 1bpi:A  PDB 3wny:G
   42      0.9479       11.03       9.642     0.575    57    3    0      0.7193    0     58      4     57      4    PDB 1bpi:A  PDB 3auh:G
   43      0.9475       10.69       9.622     0.579    57    4    0      0.9825    0     58      4     57      4    PDB 1bpi:A  PDB 6f1f:C
   44      0.9469       11.06       9.794     0.584    57    4    0      0.6491    0     58      4     57      4    PDB 1bpi:A  PDB 5jb6:B
   45      0.9468       11.71       10.09     0.421    56    4    0           1    0     58      4     56      4    PDB 1bpi:A  PDB 3u1j:E
   46      0.9468       11.17       9.843     0.711    58    4    0      0.9655    0     58      4     58      4    PDB 1bpi:A  PDB 1aal:A
   47      0.9465       11.55       10.02     0.429    57    4    0      0.9298    0     58      4     58      4    PDB 1bpi:A  PDB 1k6u:A
   48      0.9462       9.834       9.212     0.429    56    4    0           1    0     58      4     56      4    PDB 1bpi:A  PDB 2tpi:I
   49      0.9451       10.82       9.683     0.599    57    4    0           1    0     58      4     57      4    PDB 1bpi:A  PDB 3ldi:A
   50      0.9447       11.34       9.924     0.448    57    4    0           1    0     58      4     58      4    PDB 1bpi:A  PDB 4bnr:I
   51      0.9444       8.793       8.689     0.449    56    4    0      0.9286    0     58      4     56      4    PDB 1bpi:A  PDB 1ylc:B
   52      0.9433       11.71       10.09     0.463    57    4    0           1    0     58      4     58      4    PDB 1bpi:A  PDB 2r9p:I
   53       0.943       10.57       9.563     0.616    57    4    0           1    0     58      4     57      4    PDB 1bpi:A  PDB 3ldi:E
   54      0.9421       11.48       9.984     0.476    57    4    0           1    0     58      4     58      4    PDB 1bpi:A  PDB 4bnr:J
   55       0.942       11.89       10.17     0.477    57    4    0           1    0     58      4     58      4    PDB 1bpi:A  PDB 3otj:I
   56      0.9415       10.87       9.704     0.628    57    4    0      0.7193    0     58      4     57      4    PDB 1bpi:A  PDB 3aue:F
   57        0.94        11.8       10.13     0.497    57    4    0           1    0     58      4     58      4    PDB 1bpi:A  PDB 1tpa:I
   58        0.94       11.01       9.771     0.495    56    4    0        0.75    0     58      4     56      4    PDB 1bpi:A  PDB 3aud:B
   59      0.9395       10.69       9.622     0.644    57    4    0           1    0     58      4     57      4    PDB 1bpi:A  PDB 2hex:C
   60      0.9394       10.65       9.602     0.762    58    4    0      0.9138    0     58      4     58      4    PDB 1bpi:A  PDB 5xx3:B
   61       0.939       9.865       9.227     0.507    57    4    0           1    0     58      4     58      4    PDB 1bpi:A  PDB 2ptc:I
   62      0.9388       11.41       9.953     0.509    57    4    0           1    0     58      4     58      4    PDB 1bpi:A  PDB 4dg4:H
   63      0.9387       10.73       9.642     0.767    58    4    0      0.9138    0     58      4     58      4    PDB 1bpi:A  PDB 5xx4:B
   64      0.9382       11.22       9.869     0.512    56    4    0           1    0     58      4     56      4    PDB 1bpi:A  PDB 3ldj:C
   65      0.9381       9.896       9.242     0.516    57    4    0           1    0     58      4     58      4    PDB 1bpi:A  PDB 2tgp:I
   66      0.9374       9.834       9.212     0.522    57    4    0           1    0     58      4     58      4    PDB 1bpi:A  PDB 3tpi:I
   67      0.9374       10.73       9.642     0.520    56    4    0           1    0     58      4     56      4    PDB 1bpi:A  PDB 2hex:E
   68      0.9371       11.11       9.818     0.525    57    4    0      0.9123    0     58      4     58      4    PDB 1bpi:A  PDB 5xx8:B
   69      0.9366       11.01       9.771     0.530    57    4    0      0.9123    0     58      4     58      4    PDB 1bpi:A  PDB 5xx5:B
   70      0.9364       11.06       9.794     0.531    57    4    0      0.9123    0     58      4     58      4    PDB 1bpi:A  PDB 5xx6:B
   71      0.9364       12.12       10.27     0.532    57    4    0      0.9825    0     58      4     58      4    PDB 1bpi:A  PDB 9pti:A
   72      0.9364       10.96       9.748     0.529    56    4    0           1    0     58      4     56      4    PDB 1bpi:A  PDB 2hex:A
   73      0.9362       9.485        9.04     0.531    56    4    0           1    0     58      4     56      4    PDB 1bpi:A  PDB 3ldm:E
   74      0.9361       10.78       9.662     0.532    56    4    0           1    0     58      4     56      4    PDB 1bpi:A  PDB 3ldi:C
   75      0.9359       9.928       9.258     0.533    56    4    0           1    0     58      4     56      4    PDB 1bpi:A  PDB 3ldm:B
   76      0.9359        11.8       10.13     0.537    57    4    0           1    0     58      4     58      4    PDB 1bpi:A  PDB 2r9p:F
   77      0.9356       10.91       9.726     0.537    56    4    0           1    0     58      4     56      4    PDB 1bpi:A  PDB 1bz5:C
   78      0.9355       8.202       8.378     0.537    56    4    0           1    0     58      4     56      4    PDB 1bpi:A  PDB 1eaw:B
   79      0.9354       10.91       9.726     0.538    56    4    0      0.6429    0     58      4     56      4    PDB 1bpi:A  PDB 5jb7:A
   80      0.9354       11.63       10.05     0.541    57    4    0           1    0     58      4     58      4    PDB 1bpi:A  PDB 4dg4:C
   81      0.9354       6.781       7.581     0.539    56    4    0           1    0     58      4     56      4    PDB 1bpi:A  PDB 2kai:I
   82      0.9353       10.87       9.704     0.539    56    4    0           1    0     58      4     56      4    PDB 1bpi:A  PDB 1bhc:J
   83      0.9351       10.82       9.683     0.541    56    4    0           1    0     58      4     56      4    PDB 1bpi:A  PDB 1bhc:A
   84      0.9351       8.793       8.689     0.542    56    4    0           1    0     58      4     56      4    PDB 1bpi:A  PDB 3ldj:B
   85      0.9349       10.96       9.748     0.543    56    4    0           1    0     58      4     56      4    PDB 1bpi:A  PDB 1bz5:E
   86      0.9348       10.69       9.622     0.679    57    4    0      0.6667    0     58      4     57      4    PDB 1bpi:A  PDB 5jb5:A
   87      0.9348       10.96       9.748     0.544    56    4    0           1    0     58      4     56      4    PDB 1bpi:A  PDB 1bz5:A
   88      0.9347       11.41       9.953     0.545    56    4    0           1    0     58      4     56      4    PDB 1bpi:A  PDB 6pti:A
   89      0.9347       10.78       9.662     0.545    56    4    0           1    0     58      4     56      4    PDB 1bpi:A  PDB 2hex:D
   90      0.9345       10.82       9.683     0.547    56    4    0           1    0     58      4     56      4    PDB 1bpi:A  PDB 1bhc:H
   91      0.9345       10.78       9.662     0.547    56    4    0           1    0     58      4     56      4    PDB 1bpi:A  PDB 1bhc:D
   92      0.9343       10.82       9.683     0.548    56    4    0           1    0     58      4     56      4    PDB 1bpi:A  PDB 1bhc:B
   93      0.9343       10.91       9.726     0.549    56    4    0           1    0     58      4     56      4    PDB 1bpi:A  PDB 1bz5:B
   94       0.934       10.91       9.726     0.551    56    4    0           1    0     58      4     56      4    PDB 1bpi:A  PDB 1bz5:D
   95       0.934       10.91       9.726     0.551    56    4    0           1    0     58      4     56      4    PDB 1bpi:A  PDB 3ldj:A
   96       0.934       10.82       9.683     0.552    56    4    0           1    0     58      4     56      4    PDB 1bpi:A  PDB 1bhc:G
   97      0.9339       10.82       9.683     0.552    56    4    0           1    0     58      4     56      4    PDB 1bpi:A  PDB 1bhc:F
   98      0.9338       10.57       9.563     0.687    57    4    0      0.7368    0     58      4     57      4    PDB 1bpi:A  PDB 3wny:B
   99      0.9336       10.78       9.662     0.555    56    4    0           1    0     58      4     56      4    PDB 1bpi:A  PDB 1bhc:C
  100      0.9336       10.73       9.642     0.555    56    4    0           1    0     58      4     56      4    PDB 1bpi:A  PDB 1bhc:E
  101       0.933       11.41       9.953     0.562    57    4    0           1    0     58      4     58      4    PDB 1bpi:A  PDB 1mtn:H
  102      0.9329       11.06       9.794     0.564    57    4    0      0.6667    0     58      4     58      4    PDB 1bpi:A  PDB 5jb5:B
  103      0.9327       10.78       9.662     0.563    56    4    0           1    0     58      4     56      4    PDB 1bpi:A  PDB 1bhc:I
  104      0.9324       8.404       8.485     0.568    57    3    0      0.9123    0     58      4     58      3    PDB 1bpi:A  PDB 2zvx:A
  105      0.9323       11.41       9.953     0.569    57    4    0           1    0     58      4     58      4    PDB 1bpi:A  PDB 2r9p:E
  106      0.9323       10.87       9.704     0.567    56    4    0           1    0     58      4     56      4    PDB 1bpi:A  PDB 3ldm:A
  107      0.9321       10.96       9.748     0.568    56    4    0        0.75    0     58      4     56      4    PDB 1bpi:A  PDB 3aud:A
  108      0.9321       10.37       9.471     0.395    55    4    0           1    0     58      4     55      4    PDB 1bpi:A  PDB 4wxv:C
  109       0.932       11.01       9.771     0.571    57    4    0      0.6316    0     58      4     58      4    PDB 1bpi:A  PDB 5jb7:B
  110      0.9316       9.865       9.227     0.572    56    4    0           1    0     58      4     56      4    PDB 1bpi:A  PDB 1b0c:B
  111      0.9316       11.28       9.896     0.575    57    4    0           1    0     58      4     58      4    PDB 1bpi:A  PDB 1bth:Q
  112      0.9316       9.896       9.242     0.573    56    4    0           1    0     58      4     56      4    PDB 1bpi:A  PDB 1b0c:C
  113      0.9315       10.73       9.642     0.573    56    4    0           1    0     58      4     56      4    PDB 1bpi:A  PDB 2hex:B
  114      0.9312          12       10.22     0.579    57    4    0           1    0     58      4     58      4    PDB 1bpi:A  PDB 5pti:A
  115      0.9311       11.55       10.02     0.579    57    4    0           1    0     58      4     58      4    PDB 1bpi:A  PDB 4dg4:E
  116      0.9311       9.896       9.242     0.577    56    4    0           1    0     58      4     56      4    PDB 1bpi:A  PDB 1b0c:A
  117       0.931       10.69       9.622     0.577    56    4    0        0.75    0     58      4     56      4    PDB 1bpi:A  PDB 3wny:I
  118      0.9308       10.69       9.622     0.582    57    4    0           1    0     58      4     58      4    PDB 1bpi:A  PDB 3ldi:B
  119      0.9308       9.896       9.242     0.580    56    4    0           1    0     58      4     56      4    PDB 1bpi:A  PDB 1b0c:E
  120      0.9305       11.63       10.05     0.584    57    4    0      0.9649    0     58      4     58      4    PDB 1bpi:A  PDB 7pti:A
  121      0.9304       10.73       9.642     0.583    56    4    0           1    0     58      4     56      4    PDB 1bpi:A  PDB 3ldm:C
  122      0.9303       11.06       9.794     0.586    57    4    0      0.9123    0     58      4     58      4    PDB 1bpi:A  PDB 5xx7:D
  123      0.9302       10.96       9.748     0.587    57    4    0      0.6842    0     58      4     58      4    PDB 1bpi:A  PDB 5jb4:B
  124        0.93       10.37       9.471     0.420    55    4    0           1    0     58      4     55      4    PDB 1bpi:A  PDB 4wxv:I
  125      0.9298       9.865       9.227     0.588    56    4    0           1    0     58      4     56      4    PDB 1bpi:A  PDB 1b0c:D
  126      0.9295       8.404       8.485     0.593    57    3    0      0.9123    0     58      4     58      3    PDB 1bpi:A  PDB 5xx4:A
  127      0.9293       11.11       9.818     0.592    56    4    0      0.9821    0     58      4     56      4    PDB 1bpi:A  PDB 1nag:A
  128       0.929       9.684       9.138     0.597    57    4    0      0.9825    0     58      4     58      4    PDB 1bpi:A  PDB 4tpi:I
  129       0.929       10.73       9.642     0.598    57    4    0           1    0     58      4     58      4    PDB 1bpi:A  PDB 3ldi:D
  130      0.9287       9.714       9.153     0.600    57    4    0           1    0     58      4     58      4    PDB 1bpi:A  PDB 1bth:P
  131      0.9282       7.179       7.812     0.834    58    4    0           1    0     58      4     58      4    PDB 1bpi:A  PDB 1pit:A
  132      0.9282       8.404       8.485     0.604    57    3    0      0.9123    0     58      4     58      3    PDB 1bpi:A  PDB 5xx3:A
  133       0.926       8.652       8.615     0.619    56    4    0           1    0     58      4     56      4    PDB 1bpi:A  PDB 2ijo:I
  134      0.9258       10.61       9.582     0.621    56    4    0      0.7321    0     58      4     56      4    PDB 1bpi:A  PDB 3ci7:B
  135      0.9258       10.57       9.563     0.622    56    4    0      0.7321    0     58      4     56      4    PDB 1bpi:A  PDB 3auh:A
  136      0.9258       8.445       8.507     0.624    57    3    0      0.9123    0     58      4     58      3    PDB 1bpi:A  PDB 2zjx:A
  137      0.9257       10.73       9.642     0.624    57    4    0      0.7193    0     58      4     58      4    PDB 1bpi:A  PDB 3ci7:A
  138      0.9256       11.48       9.984     0.625    57    4    0           1    0     58      4     58      4    PDB 1bpi:A  PDB 1cbw:I
  139      0.9254       9.773       9.182     0.627    57    4    0           1    0     58      4     58      4    PDB 1bpi:A  PDB 1mtn:D
  140      0.9253       10.34       9.454     0.852    58    4    0      0.7241    0     58      4     58      4    PDB 1bpi:A  PDB 3aui:A
  141      0.9252       10.57       9.563     0.626    56    4    0        0.75    0     58      4     56      4    PDB 1bpi:A  PDB 3wny:A
  142      0.9243       7.454       7.968     0.633    56    4    0           1    0     58      4     56      4    PDB 1bpi:A  PDB 1eaw:D
  143      0.9235       10.37       9.471     0.864    58    4    0      0.7414    0     58      4     58      4    PDB 1bpi:A  PDB 3auc:A
  144      0.9233       11.41       9.953     0.644    57    4    0      0.9649    0     58      4     58      4    PDB 1bpi:A  PDB 1p2m:B
  145      0.9231       11.34       9.924     0.645    57    4    0      0.9649    0     58      4     58      4    PDB 1bpi:A  PDB 1p2m:D
  146      0.9229       11.41       9.953     0.647    57    4    0      0.9649    0     58      4     58      4    PDB 1bpi:A  PDB 1t8m:B
  147      0.9229       11.41       9.953     0.647    57    4    0      0.9649    0     58      4     58      4    PDB 1bpi:A  PDB 1p2o:D
  148      0.9228       11.01       9.771     0.648    57    4    0           1    0     58      4     58      4    PDB 1bpi:A  PDB 4dg4:F
  149      0.9227       10.61       9.582     0.766    57    4    0      0.7193    0     58      4     57      4    PDB 1bpi:A  PDB 3aue:A
  150      0.9226       11.41       9.953     0.649    57    4    0      0.9649    0     58      4     58      4    PDB 1bpi:A  PDB 1t7c:D
  151      0.9226       11.41       9.953     0.649    57    4    0      0.9649    0     58      4     58      4    PDB 1bpi:A  PDB 1t7c:B
  152      0.9226       11.22       9.869     0.650    57    4    0           1    0     58      4     58      4    PDB 1bpi:A  PDB 2ra3:I
  153      0.9224       9.242       8.918     0.649    56    4    0           1    0     58      4     56      4    PDB 1bpi:A  PDB 3ldm:D
  154      0.9223       10.75       9.507     0.652    57    3    0      0.7193    0     58      4     58      4    PDB 1bpi:A  PDB 3aub:A
  155      0.9222       11.34       9.924     0.652    57    4    0      0.9649    0     58      4     58      4    PDB 1bpi:A  PDB 1t8m:D
  156      0.9221       11.41       9.953     0.653    57    4    0      0.9649    0     58      4     58      4    PDB 1bpi:A  PDB 1p2o:B
  157      0.9221       11.41       9.953     0.653    57    4    0      0.9649    0     58      4     58      4    PDB 1bpi:A  PDB 1t8n:D
  158      0.9219       8.988       8.789     0.655    57    4    0      0.9649    0     58      4     58      4    PDB 1bpi:A  PDB 1t8n:B
  159      0.9219       9.655       9.124     0.653    56    4    0      0.7321    0     58      4     56      4    PDB 1bpi:A  PDB 3auh:E
  160      0.9218       8.988       8.789     0.655    57    4    0      0.9649    0     58      4     58      4    PDB 1bpi:A  PDB 1t8o:B
  161      0.9218       11.34       9.924     0.656    57    4    0      0.9649    0     58      4     58      4    PDB 1bpi:A  PDB 1t8o:D
  162      0.9214        8.12       8.334     0.658    57    3    0           1    0     58      4     58      3    PDB 1bpi:A  PDB 2r9p:G
  163      0.9214       11.34       9.924     0.659    57    4    0      0.9649    0     58      4     58      4    PDB 1bpi:A  PDB 1p2n:D
  164      0.9213       10.45       9.507     0.657    56    4    0        0.75    0     58      4     56      4    PDB 1bpi:A  PDB 3wny:H
  165       0.921       10.57       9.563     0.777    57    4    0      0.7368    0     58      4     57      4    PDB 1bpi:A  PDB 3aud:C
  166      0.9209       8.988       8.789     0.663    57    4    0      0.9649    0     58      4     58      4    PDB 1bpi:A  PDB 1p2n:B
  167      0.9207       8.963       8.776     0.664    57    4    0      0.9649    0     58      4     58      4    PDB 1bpi:A  PDB 1p2q:B
  168      0.9205       11.34       9.924     0.665    57    4    0      0.9649    0     58      4     58      4    PDB 1bpi:A  PDB 1p2q:D
  169      0.9205       10.45       9.507     0.664    56    4    0        0.75    0     58      4     56      4    PDB 1bpi:A  PDB 3wny:E
  170      0.9183       8.963       8.776     0.682    57    4    0           1    0     58      4     58      4    PDB 1bpi:A  PDB 1cbw:D
  171      0.9183       10.49       9.526     0.797    58    4    0      0.7241    0     58      4     59      4    PDB 1bpi:A  PDB 3aug:A
  172      0.9155       9.991       9.289     0.567    55    4    0      0.8364    0     58      4     55      4    PDB 1bpi:A  PDB 1fak:I
  173      0.9147       11.22       9.869     0.709    57    4    0      0.9649    0     58      4     58      4    PDB 1bpi:A  PDB 3p95:E
  174      0.9144       11.71       10.09     0.419    56    4    0      0.9643    0     58      4     58      4    PDB 1bpi:A  PDB 3p92:E
  175      0.9143        9.43       9.012     0.821    57    4    0      0.7368    0     58      4     57      4    PDB 1bpi:A  PDB 3wny:C
  176      0.9109       5.843       7.009     0.607    55    3    0           1    0     58      4     55      3    PDB 1bpi:A  PDB 5yvu:I
  177      0.9105       6.068       7.151     0.739    57    3    0      0.9825    0     58      4     58      3    PDB 1bpi:A  PDB 1jv9:A
  178      0.9105       11.22       9.869     0.464    56    4    0           1    0     58      4     58      4    PDB 1bpi:A  PDB 4wwy:I
  179      0.9096       9.896       9.242     0.464    55    4    0      0.9636    0     58      4     56      4    PDB 1bpi:A  PDB 1p2j:I
  180      0.9095       9.865       9.227     0.746    57    4    0      0.7193    0     58      4     58      4    PDB 1bpi:A  PDB 3aub:B
  181      0.9095       9.865       9.227     0.464    55    4    0      0.9636    0     58      4     56      4    PDB 1bpi:A  PDB 3btq:I
  182      0.9094       9.865       9.227     0.466    55    4    0           1    0     58      4     56      4    PDB 1bpi:A  PDB 3btk:I
  183       0.909       9.896       9.242     0.470    55    4    0      0.9636    0     58      4     56      4    PDB 1bpi:A  PDB 3btt:I
  184       0.909       8.675       8.628     0.624    55    4    0      0.9455    0     58      4     55      4    PDB 1bpi:A  PDB 5yw1:I
  185      0.9081       10.78       9.662     0.757    57    4    0      0.6316    0     58      4     58      4    PDB 1bpi:A  PDB 5jb7:C
  186      0.9079       9.896       9.242     0.482    55    4    0      0.9636    0     58      4     56      4    PDB 1bpi:A  PDB 3btd:I
  187      0.9078       10.78       9.662     0.759    57    4    0      0.6491    0     58      4     58      4    PDB 1bpi:A  PDB 5jb6:C
  188      0.9077       10.82       9.683     0.759    57    4    0      0.6842    0     58      4     58      4    PDB 1bpi:A  PDB 5jb4:C
  189      0.9076       9.865       9.227     0.485    55    4    0      0.9636    0     58      4     56      4    PDB 1bpi:A  PDB 3btf:I
  190      0.9075       9.896       9.242     0.486    55    4    0      0.9636    0     58      4     56      4    PDB 1bpi:A  PDB 3btw:I
  191      0.9074       10.73       9.642     0.761    57    4    0      0.6667    0     58      4     58      4    PDB 1bpi:A  PDB 5jb5:C
  192      0.9072       9.865       9.227     0.489    55    4    0      0.9636    0     58      4     56      4    PDB 1bpi:A  PDB 3btm:I
  193      0.9066       9.834       9.212     0.496    55    4    0      0.9636    0     58      4     56      4    PDB 1bpi:A  PDB 3btg:I
  194      0.9065       10.41       9.489     0.506    56    4    0           1    0     58      4     58      4    PDB 1bpi:A  PDB 4wwy:C
  195      0.9064       9.865       9.227     0.497    55    4    0      0.9636    0     58      4     56      4    PDB 1bpi:A  PDB 3bth:I
  196      0.9061       9.865       9.227     0.500    55    4    0      0.9636    0     58      4     56      4    PDB 1bpi:A  PDB 3bte:I
  197      0.9051       11.34       9.924     0.664    57    4    0      0.9649    0     58      4     59      4    PDB 1bpi:A  PDB 1t8l:D
  198      0.9051       8.988       8.789     0.664    57    4    0      0.9649    0     58      4     59      4    PDB 1bpi:A  PDB 1t8l:B
  199      0.9046       9.597       9.096     0.778    56    4    0        0.75    0     58      4     56      4    PDB 1bpi:A  PDB 3auc:B
  200      0.9035       8.817       8.701     0.524    54    4    0           1    0     58      4     54      4    PDB 1bpi:A  PDB 3gym:J
  201      0.9033       8.793       8.689     0.525    54    4    0           1    0     58      4     54      4    PDB 1bpi:A  PDB 3gym:I
  202      0.9028       10.57       9.563     0.798    58    4    0      0.7241    0     58      4     60      4    PDB 1bpi:A  PDB 3aue:B
  203      0.9017        9.43       9.012     0.798    56    4    0        0.75    0     58      4     56      4    PDB 1bpi:A  PDB 3wny:F
  204      0.9013       10.37       9.471     0.803    57    4    0      0.7193    0     58      4     58      4    PDB 1bpi:A  PDB 3ci7:C
  205      0.9009       8.582       8.579     0.803    56    4    0           1    0     58      4     56      5    PDB 1bpi:A  PDB 2ra3:C
  206      0.9008       9.402       8.999     0.804    56    4    0      0.7321    0     58      4     56      4    PDB 1bpi:A  PDB 3auh:C
  207      0.8992        9.43       9.012     0.815    56    4    0      0.7321    0     58      4     56      4    PDB 1bpi:A  PDB 3aug:C
  208      0.8987       5.843       7.009     0.820    57    3    0      0.9825    0     58      4     58      3    PDB 1bpi:A  PDB 1jv8:A
  209       0.897       9.457       9.026     0.829    56    4    0      0.7321    0     58      4     56      4    PDB 1bpi:A  PDB 3aue:G
  210      0.8955       10.23       9.402     0.730    56    4    0      0.7321    0     58      4     57      4    PDB 1bpi:A  PDB 3aui:B
  211      0.8943       9.896       9.242     0.456    55    4    0           1    0     58      4     57      4    PDB 1bpi:A  PDB 2ftl:I
  212      0.8932       9.896       9.242     0.469    55    4    0      0.9818    0     58      4     57      4    PDB 1bpi:A  PDB 4y11:I
  213      0.8926       9.896       9.242     0.475    55    4    0      0.9818    0     58      4     57      4    PDB 1bpi:A  PDB 4y10:I
  214      0.8911       9.865       9.227     0.491    55    4    0      0.9818    0     58      4     57      4    PDB 1bpi:A  PDB 4y0z:I
  215      0.8891       10.45       9.507     0.880    56    4    0      0.4643    0     58      4     56      4    PDB 1bpi:A  PDB 5zj3:A
  216      0.8883       10.16       9.369     0.885    56    4    0      0.4643    0     58      4     56      4    PDB 1bpi:A  PDB 3uir:C
  217      0.8854       9.295       8.945     0.681    54    4    0       0.463    0     58      4     54      4    PDB 1bpi:A  PDB 5nx1:C
  218       0.885       9.139       8.866     0.802    55    4    0      0.3818    0     58      4     55      4    PDB 1bpi:A  PDB 6bx8:B
  219      0.8813       9.714       9.153     0.927    56    4    0      0.4643    0     58      4     56      4    PDB 1bpi:A  PDB 3d65:I
  220      0.8804        10.3       9.436     0.933    56    4    0      0.3571    0     58      4     56      4    PDB 1bpi:A  PDB 1y62:E
  221      0.8797       9.865       9.227     0.447    55    4    0      0.9818    0     58      4     58      4    PDB 1bpi:A  PDB 2fi4:I
  222      0.8794       9.928       9.258     0.450    55    4    0      0.9636    0     58      4     58      4    PDB 1bpi:A  PDB 1p2k:I
  223       0.879       8.356        8.46     0.732    55    4    0      0.4545    0     58      4     56      4    PDB 1bpi:A  PDB 1aap:A
  224       0.879       9.896       9.242     0.455    55    4    0      0.9818    0     58      4     58      4    PDB 1bpi:A  PDB 2fi5:I
  225      0.8789       9.896       9.242     0.457    55    4    0      0.9636    0     58      4     58      4    PDB 1bpi:A  PDB 1p2i:I
  226      0.8775       9.896       9.242     0.473    55    4    0      0.9636    0     58      4     58      4    PDB 1bpi:A  PDB 2fi3:I
  227      0.8773       9.928       9.258     0.475    55    4    0           1    0     58      4     58      4    PDB 1bpi:A  PDB 4y0y:I
  228      0.8766       9.896       9.242     0.955    56    4    0      0.3571    0     58      4     56      4    PDB 1bpi:A  PDB 1y62:C
  229      0.8759       8.988       8.789     0.753    54    4    0       0.463    0     58      4     54      4    PDB 1bpi:A  PDB 1taw:B
  230      0.8757       9.991       9.289     0.961    56    4    0      0.3571    0     58      4     56      4    PDB 1bpi:A  PDB 1y62:D
  231       0.875       7.395       7.935     0.632    53    3    0      0.4528    0     58      4     53      3    PDB 1bpi:A  PDB 5nx3:C
  232      0.8741       9.743       9.167     0.509    55    4    0      0.9818    0     58      4     58      4    PDB 1bpi:A  PDB 2ftm:B
  233      0.8723       8.939       8.764     0.778    54    4    0       0.463    0     58      4     54      4    PDB 1bpi:A  PDB 5c67:E
  234      0.8723       6.053       7.141     0.987    58    3    0      0.4138    0     58      4     60      3    PDB 1bpi:A  PDB 4dtg:K
  235      0.8719       8.939       8.764     0.781    54    4    0       0.463    0     58      4     54      4    PDB 1bpi:A  PDB 1ca0:D
  236      0.8702       9.773       9.182     0.994    57    4    0      0.4211    0     58      4     58      4    PDB 1bpi:A  PDB 1tfx:D
  237      0.8701        10.3       9.436     0.993    56    4    0      0.3571    0     58      4     56      4    PDB 1bpi:A  PDB 1y62:F
  238      0.8696       7.675       8.091     0.317    51    3    0      0.9412    0     58      4     51      3    PDB 1bpi:A  PDB 1brb:I
  239      0.8688       10.79       9.526     0.810    56    3    0      0.3393    0     58      4     58      4    PDB 1bpi:A  PDB 6q6c:A
  240      0.8685       8.699        8.64     0.909    55    4    0      0.3818    0     58      4     55      4    PDB 1bpi:A  PDB 6bx8:H
  241      0.8672       7.534       8.013     0.816    55    4    0      0.4545    0     58      4     56      4    PDB 1bpi:A  PDB 1aap:B
  242      0.8647        9.19       8.892     1.109    57    4    0      0.4561    0     58      4     57      4    PDB 1bpi:A  PDB 3uir:D
  243      0.8645       10.06        9.32     1.025    56    4    0      0.3571    0     58      4     56      4    PDB 1bpi:A  PDB 1y62:A
  244      0.8641       8.028       8.284     0.837    55    3    0      0.4545    0     58      4     56      4    PDB 1bpi:A  PDB 1brc:I
  245      0.8639        6.99       7.704     0.836    54    3    0      0.3889    0     58      4     54      4    PDB 1bpi:A  PDB 6bx8:F
  246      0.8639       10.02       9.304     1.029    56    4    0      0.3571    0     58      4     56      4    PDB 1bpi:A  PDB 1y62:B
  247      0.8636       9.038       8.814     1.032    57    4    0      0.4211    0     58      4     58      4    PDB 1bpi:A  PDB 1tfx:C
  248      0.8605       7.083       7.757     0.859    54    4    0      0.4444    0     58      4     54      4    PDB 1bpi:A  PDB 6har:E
  249      0.8603       8.325       8.444     0.862    55    3    0      0.4545    0     58      4     56      3    PDB 1bpi:A  PDB 6gfi:E
  250      0.8587       9.038       8.814     0.873    55    4    0      0.4545    0     58      4     56      4    PDB 1bpi:A  PDB 6gfi:C
  251      0.8564       10.41       9.489     0.989    57    4    0      0.3509    0     58      4     59      4    PDB 1bpi:A  PDB 6q61:A
  252      0.8563        10.3       9.436     0.822    58    4    0      0.7241    0     58      4     63      4    PDB 1bpi:A  PDB 3aue:E
  253      0.8561       7.009       7.714     0.779    53    3    0      0.4528    0     58      4     53      3    PDB 1bpi:A  PDB 5c67:C
  254      0.8554       9.322       8.958     1.076    56    4    0      0.4643    0     58      4     56      4    PDB 1bpi:A  PDB 5zj3:C
  255      0.8554       7.696       8.103     1.158    57    4    0      0.4561    0     58      4     57      4    PDB 1bpi:A  PDB 5m4v:A
  256      0.8551       8.072       8.308     0.992    56    4    0      0.4821    0     58      4     57      4    PDB 1bpi:A  PDB 3l3t:E
  257      0.8538        10.3       9.436     0.910    56    4    0      0.4643    0     58      4     58      4    PDB 1bpi:A  PDB 3byb:A
  258      0.8514        10.3       9.436     0.855    58    4    0      0.7241    0     58      4     63      4    PDB 1bpi:A  PDB 3aue:H
  259      0.8509       7.439        7.96     0.697    53    3    1      0.4151    0     58      4     54      3    PDB 1bpi:A  PDB 4u32:X
  260      0.8497       10.53       9.544     0.935    56    4    0      0.4643    0     58      4     58      4    PDB 1bpi:A  PDB 5zj3:B
  261       0.848       9.242       8.918     0.843    55    4    0      0.7455    0     58      4     57      4    PDB 1bpi:A  PDB 3ci7:D
  262      0.8466       10.45       9.507     0.954    56    4    0      0.4643    0     58      4     58      4    PDB 1bpi:A  PDB 3byb:C
  263      0.8466       9.165       8.879     1.126    57    4    0      0.4561    0     58      4     58      4    PDB 1bpi:A  PDB 3byb:B
  264      0.8459       7.726       8.119     0.858    55    3    0      0.4727    0     58      4     57      3    PDB 1bpi:A  PDB 3l3t:H
  265      0.8458       7.924       8.228     0.850    53    4    0      0.3962    0     58      4     53      4    PDB 1bpi:A  PDB 6bx8:D
  266      0.8443       6.318       7.305     1.288    58    3    0           1    0     58      4     58      3    PDB 1bpi:A  PDB 1oa5:5
  267      0.8435       7.778       8.148     1.059    56    3    0      0.4643    0     58      4     57      3    PDB 1bpi:A  PDB 1zjd:B
  268      0.8425       6.597       7.473     0.973    54    4    0       0.463    0     58      4     54      4    PDB 1bpi:A  PDB 1ca0:I
  269      0.8423       7.225       7.839     0.761    52    3    0      0.4615    0     58      4     52      3    PDB 1bpi:A  PDB 3l33:F
  270      0.8403       7.205       7.827     0.776    52    3    0      0.4615    0     58      4     52      3    PDB 1bpi:A  PDB 3l33:E
  271      0.8399       7.987       8.262     1.079    56    4    0      0.4821    0     58      4     57      4    PDB 1bpi:A  PDB 3l3t:G
  272      0.8384       6.068       7.151     0.821    56    3    1      0.3393    0     58      4     60      4    PDB 1bpi:A  PDB 4iso:B
  273      0.8377       7.507       7.998     0.826    56    3    1      0.3393    0     58      4     60      4    PDB 1bpi:A  PDB 4isl:B
  274      0.8361       6.334       7.314     1.328    58    3    0           1    0     58      4     58      3    PDB 1bpi:A  PDB 1oa6:5
  275      0.8356       7.395       7.935     1.014    54    3    0      0.3519    0     58      4     54      3    PDB 1bpi:A  PDB 3t62:E
  276      0.8352       8.028       8.284     0.927    55    3    0      0.4727    0     58      4     57      3    PDB 1bpi:A  PDB 3l3t:F
  277       0.834       9.541       9.067     1.338    58    4    0      0.3103    0     58      4     58      4    PDB 1bpi:A  PDB 1kth:A
  278      0.8333       5.711       6.925     1.028    54    3    0      0.3519    0     58      4     54      3    PDB 1bpi:A  PDB 3t62:D
  279      0.8332       9.513       9.053     1.342    58    4    0      0.3103    0     58      4     58      4    PDB 1bpi:A  PDB 2knt:A
  280      0.8307       8.939       8.764     1.056    57    4    0      0.2982    0     58      4     60      4    PDB 1bpi:A  PDB 5yv7:A
  281      0.8299       6.725       7.549     1.061    57    4    0      0.2807    0     58      4     60      4    PDB 1bpi:A  PDB 6kzf:A
  282      0.8281       6.879       7.639     0.863    52    3    0      0.4615    0     58      4     52      3    PDB 1bpi:A  PDB 3l33:H
  283      0.8262       6.953       7.682     0.876    52    3    0      0.4615    0     58      4     52      3    PDB 1bpi:A  PDB 3l33:G
  284      0.8259       7.179       7.812     1.235    57    4    0      0.9474    0     58      4     58      4    PDB 1bpi:A  PDB 1ld5:A
  285      0.8216        9.43       9.012     1.178    55    4    0      0.3273    0     58      4     55      4    PDB 1bpi:A  PDB 1knt:A
  286      0.8215       10.41       9.489     0.767    57    4    0      0.7193    0     58      4     64      4    PDB 1bpi:A  PDB 3aue:C
  287        0.82       9.714       9.153     1.192    57    4    0      0.3333    0     58      4     59      4    PDB 1bpi:A  PDB 6q6c:B
  288      0.8162       9.513       9.053     1.212    57    4    0      0.3684    0     58      4     59      4    PDB 1bpi:A  PDB 1dtx:A
  289      0.8145       9.714       9.153     0.908    57    4    0      0.7193    0     58      4     63      5    PDB 1bpi:A  PDB 3aue:D
  290      0.8135       8.202       8.378     1.142    55    4    0      0.3455    0     58      4     56      4    PDB 1bpi:A  PDB 3ofw:A
  291      0.8107        6.99       7.704     0.826    56    3    1      0.3393    0     58      4     62      4    PDB 1bpi:A  PDB 4isn:B
  292      0.8027       7.205       7.827     1.028    53    3    0      0.3585    0     58      4     54      3    PDB 1bpi:A  PDB 3t62:F
  293      0.7947       7.267       7.862     1.034    57    3    0       0.386    0     58      4     63      4    PDB 1bpi:A  PDB 1zr0:B
  294      0.7946       6.949        7.68     1.460    57    4    0      0.4211    0     58      4     57      4    PDB 1bpi:A  PDB 1dtk:A
  295      0.7914       5.481       6.777     1.095    53    3    1      0.3208    0     58      4     54      3    PDB 1bpi:A  PDB 3uou:B
  296      0.7841       8.246       8.401     1.083    56    4    0      0.3393    0     58      4     61      4    PDB 1bpi:A  PDB 3m7q:B
  297       0.784       6.615       7.483     1.222    54    4    0      0.3519    0     58      4     55      4    PDB 1bpi:A  PDB 1shp:A
  298      0.7828       7.961       8.343     1.381    56    4    1      0.3929    0     58      4     57      5    PDB 1bpi:A  PDB 2m99:A
  299      0.7815       7.373       7.923     0.971    52    3    1      0.4038    0     58      4     54      3    PDB 1bpi:A  PDB 4u30:X
  300      0.7815       7.373       7.923     0.971    52    3    1      0.4038    0     58      4     54      3    PDB 1bpi:A  PDB 4u30:Y
  301      0.7805       7.373       7.923     0.977    52    3    1      0.4038    0     58      4     54      3    PDB 1bpi:A  PDB 4u30:Z
  302      0.7805       7.373       7.923     0.977    52    3    1      0.4038    0     58      4     54      3    PDB 1bpi:A  PDB 4u30:W
  303      0.7794       10.82       9.683     0.778    56    4    0      0.3929    0     58      4     65      4    PDB 1bpi:A  PDB 4bqd:B
  304      0.7776       7.861       8.194     1.196    56    4    0      0.3571    0     58      4     60      4    PDB 1bpi:A  PDB 2ca7:A
  305       0.773        7.33       7.898     1.163    57    3    1       0.386    0     58      4     63      4    PDB 1bpi:A  PDB 1zr0:D
  306       0.745       8.115       8.331     1.365    55    4    2      0.9455    0     58      4     58      4    PDB 1bpi:A  PDB 8pti:A
  307      0.7404       8.224        8.39     1.031    55    4    0         0.4    0     58      4     63      4    PDB 1bpi:A  PDB 5nmv:K
  308      0.7278       8.801       8.693     0.410    43    3    0           1    0     58      4     43      3    PDB 1bpi:A  PDB 3fp7:J
  309      0.7197         6.1        7.17     1.506    56    4    1      0.3393    0     58      4     60      4    PDB 1bpi:A  PDB 1dem:A
  310        0.71        8.12       8.334     1.495    56    3    1      0.3036    0     58      4     61      3    PDB 1bpi:A  PDB 1bun:B
  311      0.7085       5.031       6.481     1.691    57    4    1      0.3333    0     58      4     60      4    PDB 1bpi:A  PDB 1den:A
  312      0.7078       5.078       6.512     1.568    56    4    1      0.2679    0     58      4     60      4    PDB 1bpi:A  PDB 1bf0:A
  313      0.7026       3.993        5.73     1.712    55    3    1           1    0     58      4     56      3    PDB 1bpi:A  PDB 1uua:A
  314      0.6994       9.165       8.879     1.478    55    4    2      0.3455    0     58      4     60      4    PDB 1bpi:A  PDB 4ntx:B
  315      0.6978       8.378       8.472     1.487    55    4    2      0.3455    0     58      4     60      4    PDB 1bpi:A  PDB 4nty:B
  316      0.6976       3.876        5.64     0.346    41    3    1           1    0     58      4     41      3    PDB 1bpi:A  PDB 1co7:I
  317      0.6941       9.088        8.84     1.507    55    4    2      0.3455    0     58      4     60      4    PDB 1bpi:A  PDB 4ntw:B
  318      0.6839       7.945       8.239     1.357    57    4    1      0.4035    0     58      4     68      4    PDB 1bpi:A  PDB 6a5i:A
  319      0.6802       7.009       7.714     0.842    53    3    0      0.3585    0     58      4     66      4    PDB 1bpi:A  PDB 1yc0:I
  320      0.6792       7.913       8.222     0.772    42    3    0      0.4524    0     58      4     42      3    PDB 1bpi:A  PDB 5nx3:D
  321      0.6772       6.744        7.56     1.125    56    3    0      0.3929    0     58      4     70      4    PDB 1bpi:A  PDB 2ddj:A
  322      0.6736       6.223       7.246     0.822    42    3    0      0.4524    0     58      4     42      3    PDB 1bpi:A  PDB 5nx1:D
  323      0.6604       6.239       7.256     1.324    57    4    0      0.4211    0     58      4     71      4    PDB 1bpi:A  PDB 1adz:A
  324      0.6596       6.561       7.451     1.547    53    4    3      0.3019    0     58      4     58      4    PDB 1bpi:A  PDB 1kun:A
  325      0.6564       7.534       8.013     1.405    57    4    0       0.386    0     58      4     70      4    PDB 1bpi:A  PDB 2ddi:A
  326      0.6508       4.987       6.446     1.783    53    3    3      0.4151    0     58      4     55      3    PDB 1bpi:A  PDB 2jot:A
  327      0.6262       4.698       6.246     1.925    55    3    2         0.4    0     58      4     59      3    PDB 1bpi:A  PDB 2m01:A
  328      0.6217       5.141       6.554     1.618    55    4    1      0.4364    0     58      4     65      4    PDB 1bpi:A  PDB 1jc6:A
  329      0.5258       5.027       6.474     1.937    53    3    1      0.3208    0     58      4     65      3    PDB 1bpi:A  PDB 2j6d:A
  330      0.5163       3.412         5.3     2.079    52    3    3      0.3269    0     58      4     61      4    PDB 1bpi:A  PDB 2kcr:A
  331      0.4337       4.431       6.055     1.929    43    3    3      0.2791    0     58      4     52      3    PDB 1bpi:A  PDB 2uuy:B
  332       0.397       3.162       5.098     2.187    46    4    5      0.2391    0     58      4     60      5    PDB 1bpi:A  PDB 1tcp:A
  333      0.3718       3.767       5.713     2.523    47    4    3      0.2553    0     58      4     60      5    PDB 1bpi:A  PDB 1d0d:A
  334      0.3477       4.569       6.155     2.462    45    3    4      0.2889    0     58      4     60      3    PDB 1bpi:A  PDB 1tap:A
  335      0.3374       1.747       3.755     2.681    44    3    5      0.2045    0     58      4     55      3    PDB 1bpi:A  PDB 2uux:A
  336      0.3337       3.368       5.237     2.171    41    3    4      0.2439    0     58      4     57      3    PDB 1bpi:A  PDB 2lfk:A
  337      0.1199      0.1626       1.484     4.719    42    3    4     0.07143    0     58      4     73      4    PDB 1bpi:A  PDB 1dqc:A
  338      0.1081       1.225       3.176     3.004    29    3    2           0    0     58      4     67      4    PDB 1bpi:A  PDB 1sdf:A
  339      0.1074       1.685        3.69     3.022    29    3    2           0    0     58      4     67      4    PDB 1bpi:A  PDB 2sdf:A
  340     0.09736      0.9022       2.776     2.799    26    3    3           0    0     58      4     64      4    PDB 1bpi:A  PDB 3hp3:H
  341     0.09617       1.067       2.986     3.234    28    3    2     0.03571    0     58      4     65      4    PDB 1bpi:A  PDB 4rau:R
  342       0.096        1.06       2.977     3.240    28    3    2     0.03571    0     58      4     65      4    PDB 1bpi:A  PDB 4rau:O
  343     0.09586      0.9022       2.776     3.387    28    3    2           0    0     58      4     62      4    PDB 1bpi:A  PDB 3hp3:B
  344     0.09575       1.053       2.967     3.248    28    3    2     0.03571    0     58      4     65      4    PDB 1bpi:A  PDB 4rau:F
  345     0.09347       1.121       3.052     3.320    28    3    2     0.03571    0     58      4     65      4    PDB 1bpi:A  PDB 4rau:C
  346     0.08768      0.7623       2.584     3.173    25    3    2           0    0     58      4     58      4    PDB 1bpi:A  PDB 4lmq:F
  347     0.08664       1.264       3.223     2.926    31    3    2     0.06452    0     58      4     98      4    PDB 1bpi:A  PDB 6ehz:A
